44.000000
44.000000
44.000000
44.000000
44.000000
44.000000
44.000000
44.000000
44.000000
44.000000
110.000000
110.000000
110.000000
110.000000
110.000000
110.000000
110.000000
110.000000
110.000000
110.000000
27.500000
27.500000
27.500000
27.500000
27.500000
27.500000
27.500000
27.500000
27.500000
27.500000
93.500000
93.500000
93.500000
93.500000
93.500000
93.500000
93.500000
93.500000
93.500000
93.500000
77.000000
77.000000
77.000000
77.000000
77.000000
77.000000
77.000000
77.000000
77.000000
77.000000
60.500000
60.500000
60.500000
60.500000
60.500000
60.500000
60.500000
60.500000
60.500000
60.500000
49.000000
49.000000
49.000000
49.000000
49.000000
49.000000
49.000000
49.000000
49.000000
49.000000
28.000000
28.000000
28.000000
28.000000
28.000000
28.000000
28.000000
28.000000
28.000000
28.000000
59.500000
59.500000
59.500000
59.500000
59.500000
59.500000
59.500000
59.500000
59.500000
59.500000
17.500000
17.500000
17.500000
17.500000
17.500000
17.500000
17.500000
17.500000
17.500000
17.500000
70.000000
70.000000
70.000000
70.000000
70.000000
70.000000
70.000000
70.000000
70.000000
70.000000
38.500000
38.500000
38.500000
38.500000
38.500000
38.500000
38.500000
38.500000
38.500000
38.500000
