93.333333
93.333333
93.333333
93.333333
93.333333
93.333333
93.333333
93.333333
93.333333
93.333333
113.333333
113.333333
113.333333
113.333333
113.333333
113.333333
113.333333
113.333333
113.333333
113.333333
106.666667
106.666667
106.666667
106.666667
106.666667
106.666667
106.666667
106.666667
106.666667
106.666667
100.000000
100.000000
100.000000
100.000000
100.000000
100.000000
100.000000
100.000000
100.000000
100.000000
86.666667
86.666667
86.666667
86.666667
86.666667
86.666667
86.666667
86.666667
86.666667
86.666667
54.444444
54.444444
54.444444
54.444444
54.444444
54.444444
54.444444
54.444444
54.444444
54.444444
50.555556
50.555556
50.555556
50.555556
50.555556
50.555556
50.555556
50.555556
50.555556
50.555556
62.222222
62.222222
62.222222
62.222222
62.222222
62.222222
62.222222
62.222222
62.222222
62.222222
66.111111
66.111111
66.111111
66.111111
66.111111
66.111111
66.111111
66.111111
66.111111
66.111111
58.333333
58.333333
58.333333
58.333333
58.333333
58.333333
58.333333
58.333333
58.333333
58.333333
