0.050000
0.029000
0.026000
0.027000
0.030000
0.035000
0.034000
0.025000
0.041000
0.027000
0.029000
0.044000
0.051000
0.055000
0.042000
0.055000
0.042000
0.040000
0.035000
0.038000
0.040000
0.027000
0.052000
0.027000
0.038000
0.050000
0.037000
0.044000
0.050000
0.052000
0.053000
0.030000
0.033000
0.052000
0.043000
0.040000
0.043000
0.050000
0.041000
0.031000
0.039000
0.038000
0.054000
0.044000
0.046000
0.047000
0.035000
0.041000
0.042000
0.029000
0.042000
0.046000
0.038000
0.050000
0.047000
0.036000
0.039000
0.036000
0.049000
0.047000
0.038000
0.046000
0.054000
0.049000
0.046000
0.028000
0.037000
0.043000
0.039000
0.026000
0.032000
0.050000
0.025000
0.051000
0.027000
0.045000
0.040000
0.031000
0.042000
0.028000
0.045000
0.043000
0.026000
0.026000
0.029000
0.025000
0.038000
0.050000
0.044000
0.041000
0.051000
0.028000
0.053000
0.028000
0.041000
0.029000
0.042000
0.025000
0.048000
0.051000
0.053000
0.055000
0.040000
0.033000
0.028000
0.040000
0.043000
0.048000
0.027000
0.045000
0.041000
0.030000
0.054000
0.043000
0.038000
0.054000
0.045000
0.039000
0.051000
0.041000
0.042000
0.046000
0.036000
0.032000
0.042000
