32.000000
32.000000
32.000000
32.000000
32.000000
32.000000
32.000000
32.000000
32.000000
32.000000
44.000000
44.000000
44.000000
44.000000
44.000000
44.000000
44.000000
44.000000
44.000000
44.000000
56.000000
56.000000
56.000000
56.000000
56.000000
56.000000
56.000000
56.000000
56.000000
56.000000
20.000000
20.000000
20.000000
20.000000
20.000000
20.000000
20.000000
20.000000
20.000000
20.000000
68.000000
68.000000
68.000000
68.000000
68.000000
68.000000
68.000000
68.000000
68.000000
68.000000
30.000000
30.000000
30.000000
30.000000
30.000000
30.000000
30.000000
30.000000
30.000000
30.000000
102.000000
102.000000
102.000000
102.000000
102.000000
102.000000
102.000000
102.000000
102.000000
102.000000
48.000000
48.000000
48.000000
48.000000
48.000000
48.000000
48.000000
48.000000
48.000000
48.000000
84.000000
84.000000
84.000000
84.000000
84.000000
84.000000
84.000000
84.000000
84.000000
84.000000
66.000000
66.000000
66.000000
66.000000
66.000000
66.000000
66.000000
66.000000
66.000000
66.000000
