0.030000
0.060000
0.047000
0.035000
0.040000
0.057000
0.045000
0.050000
0.055000
0.025000
0.030000
0.040000
0.047000
0.055000
0.060000
0.050000
0.057000
0.035000
0.045000
0.025000
0.060000
0.047000
0.040000
0.035000
0.057000
0.030000
0.050000
0.025000
0.045000
0.055000
0.045000
0.050000
0.055000
0.035000
0.047000
0.060000
0.057000
0.025000
0.030000
0.040000
0.060000
0.055000
0.057000
0.047000
0.025000
0.050000
0.030000
0.040000
0.045000
0.035000
0.045000
0.050000
0.047000
0.055000
0.025000
0.035000
0.060000
0.057000
0.040000
0.030000
0.025000
0.057000
0.040000
0.047000
0.055000
0.030000
0.035000
0.045000
0.050000
0.060000
0.030000
0.060000
0.045000
0.050000
0.047000
0.040000
0.057000
0.035000
0.025000
0.055000
0.060000
0.055000
0.030000
0.025000
0.040000
0.045000
0.035000
0.050000
0.057000
0.047000
0.035000
0.057000
0.025000
0.047000
0.030000
0.040000
0.060000
0.055000
0.045000
0.050000
0.055000
0.030000
0.035000
0.025000
0.057000
0.040000
0.045000
0.050000
0.060000
0.047000
0.035000
0.060000
0.040000
0.025000
0.045000
0.050000
0.057000
0.055000
0.047000
0.030000
